{
 "cells": [
  {
   "cell_type": "code",
   "execution_count": 2,
   "metadata": {
    "collapsed": true
   },
   "outputs": [],
   "source": [
    "import numpy as np\n",
    "import pandas as pd\n",
    "from scipy.stats import spearmanr\n",
    "from scipy.cluster import hierarchy\n",
    "from scipy.spatial.distance import pdist\n",
    "import matplotlib.pyplot as plt"
   ]
  },
  {
   "cell_type": "code",
   "execution_count": 3,
   "metadata": {
    "collapsed": false
   },
   "outputs": [],
   "source": [
    "# vals = np.array([0,1,10,100,1000,10000])\n",
    "vals = np.array([1,2,11,100,1000,10000]);\n",
    "\n",
    "tables = np.zeros(shape=(1296,4));\n",
    "i = 0;\n",
    "for tp in vals:\n",
    "    for tn in vals:\n",
    "        for fp in vals:\n",
    "            for fn in vals:\n",
    "                tables[i] = [tp,tn,fp,fn];\n",
    "                i += 1;"
   ]
  },
  {
   "cell_type": "code",
   "execution_count": 4,
   "metadata": {
    "collapsed": true
   },
   "outputs": [],
   "source": [
    "def return_ranks(scores_array):\n",
    "    temp = np.argsort(scores_array)[::-1];\n",
    "\n",
    "#sorting only considering non-nan values\n",
    "#     temp = np.argsort(scores_array[~np.isnan(scores_array)])[::-1];\n",
    "\n",
    "    ranks_array = np.empty(len(scores_array), float);\n",
    "#   Assigning ranks to the scores according to the order in 'temp' array (descending score)\n",
    "    ranks_array[temp] = np.arange(len(scores_array));\n",
    "#   Assigning nan ranks to nan scores\n",
    "    ranks_array[np.isnan(scores_array)] = np.nan;\n",
    "\n",
    "    unique, counts = np.unique(scores_array[~np.isnan(scores_array)], return_counts=True);\n",
    "#     print(unique)\n",
    "\n",
    "# Handle ties by assigning averaged values to the tied scores\n",
    "    for idx,u in enumerate(unique):\n",
    "        ranks_array[scores_array==u] = ranks_array[scores_array==u].sum()/counts[idx];\n",
    "    return ranks_array"
   ]
  },
  {
   "cell_type": "code",
   "execution_count": 5,
   "metadata": {
    "collapsed": true
   },
   "outputs": [],
   "source": [
    "def recall (contingency_table):\n",
    "    f11 = contingency_table[0];\n",
    "    f10 = contingency_table[1];\n",
    "    f01 = contingency_table[2];\n",
    "    f00 = contingency_table[3];\n",
    "    num = f11;\n",
    "    den = f11 + f01;\n",
    "    if den == 0:\n",
    "        return np.nan;\n",
    "    else:\n",
    "        return num/den;\n",
    "def precision (contingency_table):\n",
    "    f11 = contingency_table[0];\n",
    "    f10 = contingency_table[1];\n",
    "    f01 = contingency_table[2];\n",
    "    f00 = contingency_table[3];\n",
    "    num = f11;\n",
    "    den = f11 + f10;\n",
    "    if den == 0:\n",
    "        return np.nan;\n",
    "    else:\n",
    "        return num/den;\n",
    "confidence = precision;\n",
    "\n",
    "def mutual_information(contingency_table):\n",
    "    f11 = contingency_table[0];\n",
    "    f10 = contingency_table[1];\n",
    "    f01 = contingency_table[2];\n",
    "    f00 = contingency_table[3];\n",
    "    N = f11 + f00 + f10 + f01;\n",
    "    if f11 != 0 and f00 != 0 and f01 != 0 and f10 != 0:\n",
    "        MI = f11 * np.log2((f11 * N)/((f11 + f10)*(f11 + f01)))\n",
    "        + f10 * np.log2((f10 * N)/((f11 + f10)*(f10 + f00))) \n",
    "        + f01 * np.log2((f01 * N)/((f01 + f00)*(f11 + f01)))\n",
    "        + f00 * np.log2((f00 * N)/((f01 + f00)*(f10 + f00)));\n",
    "        return MI/N;\n",
    "    else:\n",
    "        return np.nan;\n",
    "\n",
    "def jaccard (contingency_table):\n",
    "    f11 = contingency_table[0];\n",
    "    f10 = contingency_table[1];\n",
    "    f01 = contingency_table[2];\n",
    "    f00 = contingency_table[3];\n",
    "    N = f11 + f00 + f10 + f01;\n",
    "    if (f11 + f10 + f01) == 0:\n",
    "        return np.nan;\n",
    "    else:\n",
    "        J = f11 / (f11 + f10 + f01);\n",
    "        return J;\n",
    "\n",
    "def f_measure (contingency_table):\n",
    "    f11 = contingency_table[0];\n",
    "    f10 = contingency_table[1];\n",
    "    f01 = contingency_table[2];\n",
    "    f00 = contingency_table[3];\n",
    "    N = f11 + f00 + f10 + f01;\n",
    "\n",
    "    if f11 == 0:\n",
    "        return np.nan;\n",
    "    else:\n",
    "    #     P_(a given b)\n",
    "        P_agb = f11 / (f11 + f01);\n",
    "    #     P_(b given a)\n",
    "        P_bga = f11 / (f11 + f10);\n",
    "\n",
    "        FM = (2*P_agb*P_bga) / (P_agb + P_bga);\n",
    "        return FM;\n",
    "    \n",
    "def odds_ratio(contingency_table):\n",
    "    f11 = contingency_table[0];\n",
    "    f10 = contingency_table[1];\n",
    "    f01 = contingency_table[2];\n",
    "    f00 = contingency_table[3];\n",
    "    OR = (f11 * f00)/(f01 * f10);\n",
    "    return OR;\n",
    "\n",
    "def specificity(contingency_table):\n",
    "    f11 = contingency_table[0];\n",
    "#     f10 = contingency_table[1];\n",
    "    f01 = contingency_table[2];\n",
    "    f00 = contingency_table[3];\n",
    "    den = f00 + f01;\n",
    "    if den != 0:\n",
    "        return f00/den;\n",
    "    else:\n",
    "        return np.nan;\n",
    "negative_reliability = specificity;\n",
    "\n",
    "def sebag_schoenauer(contingency_table):\n",
    "    f11 = contingency_table[0];\n",
    "    f10 = contingency_table[1];\n",
    "    if f10:\n",
    "        return f11/f10;\n",
    "    else:\n",
    "        return np.nan;\n",
    "def accuracy(contingency_table):\n",
    "    f11 = contingency_table[0];\n",
    "    f10 = contingency_table[1];\n",
    "    f01 = contingency_table[2];\n",
    "    f00 = contingency_table[3];\n",
    "    N = f11 + f00 + f10 + f01;\n",
    "    if N:\n",
    "        return (f11 + f00)/N;\n",
    "    else:\n",
    "        return np.nan;\n",
    "    \n",
    "def support(contingency_table):\n",
    "    return contingency_table[0];\n",
    "\n",
    "def confidence_causal(contingency_table):\n",
    "    f11 = contingency_table[0];\n",
    "    f10 = contingency_table[1];\n",
    "    f01 = contingency_table[2];\n",
    "    f00 = contingency_table[3];\n",
    "#     N = f11 + f00 + f10 + f01;\n",
    "    CC = (f11/(f11+f10)) + (f00/(f00+f10));\n",
    "    return CC/2;\n",
    "\n",
    "def lift(contingency_table):\n",
    "    f11 = contingency_table[0];\n",
    "    f10 = contingency_table[1];\n",
    "    f01 = contingency_table[2];\n",
    "    f00 = contingency_table[3];\n",
    "    N = f11 + f00 + f10 + f01;\n",
    "    return (f11 * N)/((f11 + f10) * (f11 + f01));\n",
    "\n",
    "def ganascia(contingency_table):\n",
    "    f11 = contingency_table[0];\n",
    "    f10 = contingency_table[1];\n",
    "#     f01 = contingency_table[2];\n",
    "#     f00 = contingency_table[3];\n",
    "#     N = f11 + f00 + f10 + f01;\n",
    "    G = (f11 - f10) / (f11 + f10);\n",
    "    return G;\n",
    "\n",
    "def kulczynsky_1 (contingency_table):\n",
    "    f11 = contingency_table[0];\n",
    "    f10 = contingency_table[1];\n",
    "    f01 = contingency_table[2];\n",
    "#     f00 = contingency_table[3];\n",
    "#     N = f11 + f00 + f10 + f01;\n",
    "    K = f11 / (f10 + f01);\n",
    "    return K;"
   ]
  },
  {
   "cell_type": "code",
   "execution_count": 12,
   "metadata": {
    "collapsed": false
   },
   "outputs": [],
   "source": [
    "scores = np.zeros(shape=(1296,16));\n",
    "\n",
    "# idxt - index of a contingency table\n",
    "for idxt,table in enumerate(tables):\n",
    "    scores[idxt,0] = recall(table);\n",
    "    scores[idxt,1] = precision(table);\n",
    "    scores[idxt,2] = confidence(table);\n",
    "    scores[idxt,3] = mutual_information(table);\n",
    "    scores[idxt,4] = jaccard(table);\n",
    "    scores[idxt,5] = f_measure(table);\n",
    "    scores[idxt,6] = odds_ratio(table);\n",
    "    scores[idxt,7] = specificity(table);\n",
    "    scores[idxt,8] = negative_reliability(table);\n",
    "    scores[idxt,9] = sebag_schoenauer(table);\n",
    "    scores[idxt,10] = accuracy(table);\n",
    "    scores[idxt,11] = support(table);\n",
    "    scores[idxt,12] = confidence_causal(table);\n",
    "    scores[idxt,13] = lift(table);\n",
    "    scores[idxt,14] = ganascia(table);\n",
    "    scores[idxt,15] = kulczynsky_1(table);"
   ]
  },
  {
   "cell_type": "code",
   "execution_count": 13,
   "metadata": {
    "collapsed": false
   },
   "outputs": [],
   "source": [
    "ranks = np.zeros(shape = scores.shape)\n",
    "for idx,score in enumerate(scores.T):\n",
    "#     print(score)\n",
    "    ranks[:,idx] = return_ranks(score);"
   ]
  },
  {
   "cell_type": "code",
   "execution_count": 16,
   "metadata": {
    "collapsed": false
   },
   "outputs": [],
   "source": [
    "dist_spearman = spearmanr(ranks);\n",
    "# dist_corr = pdist(ranks, metric='correlation');\n",
    "\n",
    "Z = hierarchy.complete(np.triu(dist_spearman.correlation));"
   ]
  },
  {
   "cell_type": "code",
   "execution_count": 17,
   "metadata": {
    "collapsed": false
   },
   "outputs": [
    {
     "name": "stdout",
     "output_type": "stream",
     "text": [
      "[[ 1.          0.49049282  0.49049282  0.54478894  0.83279493  0.83281136\n",
      "   0.69380426  0.49049282  0.49049282  0.49049282  0.6450739   0.6969241\n",
      "   0.28094988  0.57297343  0.49049282  0.83279493]\n",
      " [ 0.49049282  1.          1.          0.54478894  0.83279493  0.83281136\n",
      "   0.69380426  0.          0.          1.          0.6450739   0.6969241\n",
      "   0.85480066  0.57297343  1.          0.83279493]\n",
      " [ 0.49049282  1.          1.          0.54478894  0.83279493  0.83281136\n",
      "   0.69380426  0.          0.          1.          0.6450739   0.6969241\n",
      "   0.85480066  0.57297343  1.          0.83279493]\n",
      " [ 0.54478894  0.54478894  0.54478894  1.          0.59394482  0.5939384\n",
      "   0.84427837  0.63217652  0.63217652  0.54478894  0.73850226  0.35025861\n",
      "   0.70242148  0.84379165  0.54478894  0.59394482]\n",
      " [ 0.83279493  0.83279493  0.83279493  0.59394482  1.          0.99999821\n",
      "   0.79764894  0.28699614  0.28699614  0.83279493  0.79603694  0.76403485\n",
      "   0.63770462  0.66036835  0.83279493  1.        ]\n",
      " [ 0.83281136  0.83281136  0.83281136  0.5939384   0.99999821  1.\n",
      "   0.79763759  0.28696009  0.28696009  0.83281136  0.79598927  0.76412044\n",
      "   0.63769365  0.66037336  0.83281136  0.99999821]\n",
      " [ 0.69380426  0.69380426  0.69380426  0.84427837  0.79764894  0.79763759\n",
      "   1.          0.69380426  0.69380426  0.69380426  0.93314026  0.48785058\n",
      "   0.79128162  0.89776415  0.69380426  0.79764894]\n",
      " [ 0.49049282  0.          0.          0.63217652  0.28699614  0.28696009\n",
      "   0.69380426  1.          1.          0.          0.6450739   0.\n",
      "   0.28094988  0.66706067  0.          0.28699614]\n",
      " [ 0.49049282  0.          0.          0.63217652  0.28699614  0.28696009\n",
      "   0.69380426  1.          1.          0.          0.6450739   0.\n",
      "   0.28094988  0.66706067  0.          0.28699614]\n",
      " [ 0.49049282  1.          1.          0.54478894  0.83279493  0.83281136\n",
      "   0.69380426  0.          0.          1.          0.6450739   0.6969241\n",
      "   0.85480066  0.57297343  1.          0.83279493]\n",
      " [ 0.6450739   0.6450739   0.6450739   0.73850226  0.79603694  0.79598927\n",
      "   0.93314026  0.6450739   0.6450739   0.6450739   1.          0.44496518\n",
      "   0.72521453  0.83212816  0.6450739   0.79603694]\n",
      " [ 0.6969241   0.6969241   0.6969241   0.35025861  0.76403485  0.76412044\n",
      "   0.48785058  0.          0.          0.6969241   0.44496518  1.\n",
      "   0.40066101  0.35658966  0.6969241   0.76403485]\n",
      " [ 0.28094988  0.85480066  0.85480066  0.70242148  0.63770462  0.63769365\n",
      "   0.79128162  0.28094988  0.28094988  0.85480066  0.72521453  0.40066101\n",
      "   1.          0.71465273  0.85480066  0.63770462]\n",
      " [ 0.57297343  0.57297343  0.57297343  0.84379165  0.66036835  0.66037336\n",
      "   0.89776415  0.66706067  0.66706067  0.57297343  0.83212816  0.35658966\n",
      "   0.71465273  1.          0.57297343  0.66036835]\n",
      " [ 0.49049282  1.          1.          0.54478894  0.83279493  0.83281136\n",
      "   0.69380426  0.          0.          1.          0.6450739   0.6969241\n",
      "   0.85480066  0.57297343  1.          0.83279493]\n",
      " [ 0.83279493  0.83279493  0.83279493  0.59394482  1.          0.99999821\n",
      "   0.79764894  0.28699614  0.28699614  0.83279493  0.79603694  0.76403485\n",
      "   0.63770462  0.66036835  0.83279493  1.        ]]\n"
     ]
    }
   ],
   "source": [
    "print(dist_spearman.correlation)\n",
    "# print(Z)"
   ]
  },
  {
   "cell_type": "code",
   "execution_count": 18,
   "metadata": {
    "collapsed": false,
    "scrolled": true
   },
   "outputs": [
    {
     "data": {
      "image/png": "iVBORw0KGgoAAAANSUhEUgAAAgAAAAFhCAYAAAAGOBKYAAAABHNCSVQICAgIfAhkiAAAAAlwSFlz\nAAAPYQAAD2EBqD+naQAAIABJREFUeJzt3X2UZVV55/HvQ/NaWLYRkW4I0VG79WomYDW2+ELQIKiQ\nEFETU1IjEoOKGp3KiprEmBhnlEEXaY0MkcSgsDqpBI1GQiL4ioxRpie0yASvVEVAUN7axmlaCsS0\nz/xxTkn1pd7urfvSXfv7WatW1d337LN31a17z+/ss885kZlIkqSy7DPoDkiSpP4zAEiSVCADgCRJ\nBTIASJJUIAOAJEkFMgBIklQgA4AkSQXad9AdmEtEHAK8ELgFeGCwvZEkaa9yIPB44MrM3D7fQntk\nAKDa+P/1oDshSdJe7HTgb+Z7ck8NALcAbN68mUajMeCuSJK092g2m4yNjUG9LZ3PnhoAHgBoNBqM\njIwMui+SJO2NFjyE7iRASZIKZACQJKlABgBJkgpkAJAkqUAGAEmSCmQAkCSpQAYASZIKZACQJKlA\nBgBJkgpkAJAkqUAGAEmSCtTWvQAi4vXA2VS3GQS4AXh3Zl6xQJ3nAecBTwNuBd6TmRd30lk93NQU\n7Nw56F5IGh6GdesG3Qtp6dq9GdBtwNuBKSCAVwOfjoijM7PZunBEPB64HLgAeCXwAuAjEXF7Zn6u\n824Lqo3/+vWD7oWkGZOThgDtPdoKAJn5Ty1FfxgRZwPHAg8LAFSjBTdl5tvqxzdGxHOBccAAsEwz\ne/6bN4N3TZYGp9mEsTFH47R36fh2wBGxD/DrwBDwtXkWOxb4fEvZlcCmTtvVwzUa4F2TJUntaDsA\nRMTPU23wDwR2Aqdl5rfmWXwNcFdL2V3AIyPigMz8UbvtS5Kk5evkLIBvAUcBG4E/By6JiKd0tVeS\nJKmn2h4ByMz/AG6qH349IjYCb6E63t/qTuCwlrLDgHuXsvc/Pj7O6tWrdysbHR1ldHS03W5LkrTi\nTExMMDExsVvZjh07llS34zkAs+wDHDDPc18DXtxSdhLzzxnYzaZNmxjx4LYkSXOaa6d469atbNiw\nYdG67V4H4L3AZ6jO5x8GTgeOp9qoExHnAIdn5hl1lQ8Db4yIc4GLgBOAlwMnt9OuJEnqrnZHAB4L\nXAysBXYA1wMnZeYX6+fXAEfOLJyZt0TEKVSz/t8MfBd4TWa2nhkgSZL6qN3rAPzWIs+fOUfZ1cDi\nYxGSJKlvvBeAJEkFMgBIklQgA4AkSQUyAEiSVCADgCRJBTIASJJUIAOAJEkFMgBIklQgA4AkSQUy\nAEiSVCADgCRJBTIASJJUIAOAJEkFMgBIklQgA4AkSQUyAEiSVCADgCRJBTIASJJUIAOAJEkFMgBI\nklQgA4AkSQUyAEiSVCADgCRJBTIASJJUIAOAJEkFMgBIklQgA4AkSQUyAEiSVCADgCRJBTIASJJU\nIAOAJEkFMgBIklQgA4AkSQUyAEiSVCADgCRJBTIASJJUIAOAJEkFMgBIklSgtgJARPx+RGyJiHsj\n4q6I+FRErF+kzvER8ZOWr10R8djldV2SJHWq3RGA44APAc8EXgDsB3w2Ig5apF4C64A19dfazLy7\nzbYlSVKX7NvOwpl58uzHEfFq4G5gA/CVRapvy8x72+qdJEnqieXOAXgU1d79PYssF8B1EXF7RHw2\nIp69zHYlSdIydBwAIiKADwBfycxvLrDoHcDrgJcBLwVuA66KiKM7bVuSJC1PW4cAWlwAPBV4zkIL\nZeYkMDmr6JqIeCIwDpyxUN3x8XFWr169W9no6Cijo6MddViSpJVkYmKCiYmJ3cp27NixpLodBYCI\nOB84GTguM+/oYBVbWCQ4AGzatImRkZEOVi9J0so3107x1q1b2bBhw6J12w4A9cb/V4HjM/PWduvX\njqY6NCBJkgagrQAQERcAo8CpwH0RcVj91I7MfKBe5r3AEZl5Rv34LcDNwA3AgcBZwPOBE7vyG0iS\npLa1OwLweqpZ/1e1lJ8JXFL/vBY4ctZz+wPnAYcD08D1wAmZeXW7nZUkSd3R7nUAFj1rIDPPbHn8\nfuD9bfZLkiT1kPcCkCSpQAYASZIKZACQJKlABgBJkgpkAJAkqUAGAEmSCmQAkCSpQMu5GZAkPczU\nFOzcOehe9Fezufv3kgwPw7p1g+6FOmEAkNQ1U1Owfv2gezE4Y2OD7sFgTE4aAvZGBgBJXTOz5795\nMzQag+2Leq/ZrEJPaSM+K4UBQFLXNRrgnbylPZuTACVJKpABQJKkAhkAJEkqkAFAkqQCGQAkSSqQ\nAUCSpAIZACRJKpABQJKkAhkAJEkqkAFAkqQCGQAkSSqQAUCSpAIZACRJKpABQJKkAhkAJEkqkAFA\nkqQCGQAkSSqQAUCSpAIZACRJKpABQJKkAhkAJEkqkAFAkqQCGQAkSSqQAUCSpAIZACRJKtC+g+7A\nnmRq+xQ7H9w56G4sWXPbQUCD5rYm3HH/oLvTluH9h1l3yLpBd0OSitVWAIiI3wdOA54C3A98FXh7\nZk4uUu95wHnA04Bbgfdk5sWddLhXprZPsf789YPuRnt2roHjX8fY5y6Ea+4cdG/aNvmmSUOAJA1I\nuyMAxwEfAv61rnsO8NmIaGTmnLugEfF44HLgAuCVwAuAj0TE7Zn5uQ773XUze/6bT9tM49DGgHvT\nrlMH3YG2NLc1GfvU2F412iJJK01bASAzT579OCJeDdwNbAC+Mk+1s4GbMvNt9eMbI+K5wDiwxwSA\nGY1DG4ysHRl0NyRJ6qnlTgJ8FJDAPQsscyzw+ZayK4FnLbNtSZLUoY4DQEQE8AHgK5n5zQUWXQPc\n1VJ2F/DIiDig0/YlSVLnlnMWwAXAU4HndKkvkiSpTzoKABFxPnAycFxm3rHI4ncCh7WUHQbcm5k/\nWqji+Pg4q1ev3q1sdHSU0dHRNnssSdLKMzExwcTExG5lO3bsWFLdtgNAvfH/VeD4zLx1CVW+Bry4\npeykunxBmzZtYmTECXmSyjE1Pc3OXbsG3Y0lad63D3Awzfvug50/GXR3lmR41SrWDQ0NuhtdM9dO\n8datW9mwYcOiddu9DsAFwCjVeWf3RcTMnv2OzHygXua9wBGZeUb93IeBN0bEucBFwAnAy6lGECRJ\ntanpadZv2TLobizd9v3hjMMZu/t2uPbBQfdmySY3blxRIaBT7Y4AvJ5q1v9VLeVnApfUP68Fjpx5\nIjNviYhTgE3Am4HvAq/JzNYzAySpaDN7/psbDRp7ywbqJIBDBt2LJWlOTzPWbO41Iyy91u51ABY9\nayAzz5yj7GqqawVIkhbRGBpiZHh40N3QCufNgCRJKpABQJKkAhkAJEkqkAFAkqQCGQAkSSqQAUCS\npAIZACRJKpABQJKkAhkAJEkqkAFAkqQCGQAkSSqQAUCSpAIZACRJKpABQJKkAhkAJEkqkAFAkqQC\nGQAkSSqQAUCSpAIZACRJKpABQJKkAhkAJEkqkAFAkqQCGQAkSSqQAUCSpALtO+gOSBqgqSnYubN7\n62seBDSg2QTu7956AYaHYd267q5TKpgBQCrV1BSsX9/VVa5lDX/M61g7diFwZ1fXDcDkpCFA6hID\ngFSqmT3/zZuh0ejKKtcC7wLg1K6s76eaTRgb6+5ohVQ4A4BUukYDRkYG3QtJfeYkQEmSCmQAkCSp\nQB4CkCT13dT0NDt37eprm83p6d2+98vwqlWsGxrqa5tLYQCQJPXV1PQ067dsGVj7Y81m39uc3Lhx\njwsBBgBJUl/N7PlvbjRo7GEbxW5rTk8z1mz2fbRjKQwAkqSBaAwNMTI8POhuFMtJgJIkFcgAIElS\ngQwAkiQVyAAgSVKB2p4EGBHHAW8FNlBd+vslmXnZAssfD3yppTiBtZl5d7vta/mmtk+x88HBXVO9\n+f3mbt8HYXj/YdYd4k1lJJWrk7MADgauA/4K+OQS6ySwHvjpVseN/2BMbZ9i/fndvQNcp8Y+OTbQ\n9iffNGkIkFSstgNAZl4BXAEQEdFG1W2ZeW+77am7Zvb8N5+2mcah3bkD3N6mua3J2KfGBjoKIkmD\n1q/rAARwXUQcCPwb8K7M/Gqf2tYcGoc2GFnrHeAkqVT9mAR4B/A64GXAS4HbgKsi4ug+tC1JkubQ\n8xGAzJwEJmcVXRMRTwTGgTMWqjs+Ps7q1at3KxsdHWV0dLTr/ZQkaW8zMTHBxMTEbmU7duxYUt1B\nXQp4C/CcxRbatGkTIyMOU0uSNJe5doq3bt3Khg0bFq07qOsAHE11aECSJA1AJ9cBOBh4EtXEPoAn\nRMRRwD2ZeVtEnAMcnpln1Mu/BbgZuAE4EDgLeD5wYhf6L0mSOtDJIYBjqC7sk/XXeXX5xcBvAmuA\nI2ctv3+9zOHANHA9cEJmXt1hnyVJ0jJ1ch2AL7PAoYPMPLPl8fuB97ffNUmS1CveC0CSpAIZACRJ\nKpABQJKkAhkAJEkqkAFAkqQCDepKgJIk7TWmpqfZuWtX2/Wa09O7fW/H8KpVrBsaarveUhkAJEla\nwNT0NOu3bFnWOsaazY7qTW7c2LMQYACQJGkBM3v+mxsNGj3cI5+tOT3NWLPZ0ajDUhkAJElagsbQ\nECPDw4PuRtc4CVCSpAIZACRJKpABQJKkAhkAJEkqkAFAkqQCGQAkSSqQAUCSpAJ5HQDt0aa2T7Hz\nwZ1dXWfz+83dvnfT8P7DrDtkXdfXK0ndZgDQHmtq+xTrz1/fs/WPfXKsJ+udfNOkIUDSHs8AoD3W\nzJ7/5tM20zi0MeDeLK65rcnYp8a6PmIhSb1gANAer3Fog5G1I4PuhiStKE4ClCSpQAYASZIKZACQ\nJKlABgBJkgrkJEBJ6oGp6Wl27trVVp3m9PRu39s1vGoV64aGOqqr8hgAJKnLpqanWb9lS8f1x5qd\nX6RqcuNGQ4CWxAAgSV02s+e/udGg0aeNcXN6mrFms+1RB5XLACBJPdIYGmJkeHjQ3ZDm5CRASZIK\nZACQJKlABgBJkgpkAJAkqUAGAEmSCmQAkCSpQJ4GKM1havsUOx/c2Vad5vebu31v1/D+w6w7ZF1H\ndSWpXQYAqcXU9inWn7++4/pjnxzruO7kmyYNAZL6wgAgtZjZ89982mYahzb60mZzW5OxT421Peog\nSZ1qOwBExHHAW4ENwFrgJZl52SJ1ngecBzwNuBV4T2Ze3HZvpT5qHNpgZO3IoLshST3RySTAg4Hr\ngDcAudjCEfF44HLgC8BRwAeBj0TEiR20LUmSuqDtEYDMvAK4AiAiYglVzgZuysy31Y9vjIjnAuPA\n59ptX5IkLV8/5gAcC3y+pexKYFMf2l6xOpmlDsubqe4sdUlaOfoRANYAd7WU3QU8MiIOyMwf9aEP\nK8pyZ6lD5zPVnaUuSSvDijsLoIQ9Y2epa682NQU72/w/ajZ3/96u4WFYZ3DthanpaXbu2tVWneb0\n9G7f2zW8ahXrhoY6qquH9CMA3Akc1lJ2GHDvYnv/4+PjrF69erey0dFRRkdH51y+tD1jZ6lrrzM1\nBeuX8R4d6/waC0xOGgK6bGp6mvVbtnRcf6zTQAdMbtxoCAAmJiaYmJjYrWzHjh1LqtuPAPA14MUt\nZSfV5QvatGkTIyNL38C5Zyzt4Wb2/DdvhkZ/3qM0m1VwaHfUQYua2fPf3GjQ6NPGuDk9zViz2fao\nw0o1107x1q1b2bBhw6J1O7kOwMHAk4CZMwCeEBFHAfdk5m0RcQ5weGaeUT//YeCNEXEucBFwAvBy\n4OR2214q94ylPVyjAW2Ee+3ZGkNDjAwPD7obalMn1wE4Bvg6cC3VdQDOA7YCf1I/vwY4cmbhzLwF\nOAV4AdX1A8aB12Rm65kBkiSpTzq5DsCXWSA4ZOaZc5RdTXXlQEmStAfwdsCSJBXIACBJUoEMAJIk\nFcgAIElSgQwAkiQVyAAgSVKBDACSJBXIACBJUoEMAJIkFcgAIElSgQwAkiQVyAAgSVKBDACSJBXI\nACBJUoEMAJIkFcgAIElSgQwAkiQVyAAgSVKBDACSJBXIACBJUoEMAJIkFcgAIElSgQwAkiQVyAAg\nSVKBDACSJBXIACBJUoEMAJIkFcgAIElSgQwAkiQVyAAgSVKBDACSJBXIACBJUoEMAJIkFcgAIElS\ngQwAkiQVyAAgSVKBDACSJBXIACBJUoE6CgAR8caIuDki7o+IayLiGQsse3xE/KTla1dEPLbzbkuS\npOVoOwBExCuA84A/Bp4OfAO4MiIes0C1BNYBa+qvtZl5d/vdlSRJ3dDJCMA4cGFmXpKZ3wJeD0wD\nv7lIvW2ZeffMVwftSpKkLmkrAETEfsAG4AszZZmZwOeBZy1UFbguIm6PiM9GxLM76awkSeqOdkcA\nHgOsAu5qKb+Lamh/LncArwNeBrwUuA24KiKObrNtSZLUJfv2uoHMnAQmZxVdExFPpDqUcMZCdcfH\nx1m9evVuZaOjo4yOjna9n5Ik7W0mJiaYmJjYrWzHjh1LqttuAPg+sAs4rKX8MODONtazBXjOYgtt\n2rSJkZGRNlYrSVI55top3rp1Kxs2bFi0bluHADLzx8C1wAkzZRER9eOvtrGqo6kODUiSpAHo5BDA\nnwIfi4hrqfbkx4Eh4GMAEXEOcHhmnlE/fgtwM3ADcCBwFvB84MTldl6SJHWm7QCQmZfW5/y/m2ro\n/zrghZm5rV5kDXDkrCr7U1034HCq0wWvB07IzKuX03FJktS5jiYBZuYFwAXzPHdmy+P3A+/vpB1J\nktQb3gtAkqQCGQAkSSqQAUCSpAIZACRJKpABQJKkAhkAJEkqkAFAkqQCGQAkSSqQAUCSpAIZACRJ\nKpABQJKkAhkAJEkqkAFAkqQCGQAkSSqQAUCSpAIZACRJKpABQJKkAhkAJEkqkAFAkqQCGQAkSSqQ\nAUCSpAIZACRJKpABQJKkAhkAJEkqkAFAkqQCGQAkSSqQAUCSpAIZACRJKpABQJKkAhkAJEkqkAFA\nkqQCGQAkSSqQAUCSpAIZACRJKpABQJKkAhkAJEkqkAFAkqQCdRQAIuKNEXFzRNwfEddExDMWWf55\nEXFtRDwQEZMRcUZn3ZUkSd3QdgCIiFcA5wF/DDwd+AZwZUQ8Zp7lHw9cDnwBOAr4IPCRiDixsy5L\nkqTl6mQEYBy4MDMvycxvAa8HpoHfnGf5s4GbMvNtmXljZv5P4BP1eiRJ0gC0FQAiYj9gA9XePACZ\nmcDngWfNU+3Y+vnZrlxgeUmS1GP7trn8Y4BVwF0t5XcBT56nzpp5ln9kRByQmT+ao86BAM1ms63O\nNbc14XZoXt+EO9qq2jHbXFltDqrdgfyuM++vNt9ntrmEJu+7DyYnaa5aBQcfbJu22dc2Z207D1xo\nuah24JcmItYC3wOelZn/e1b5ucAvZubD9uoj4kbgosw8d1bZi6nmBQzNFQAi4pXAXy+5Y5IkqdXp\nmfk38z3Z7gjA94FdwGEt5YcBd85T5855lr93nr1/qA4RnA7cAjzQZh8lSSrZgcDjqbal82orAGTm\njyPiWuAE4DKAiIj68Z/NU+1rwItbyk6qy+drZzswb2qRJEkL+upiC3RyFsCfAmdFxKsi4inAh4Eh\n4GMAEXFORFw8a/kPA0+IiHMj4skR8Qbg5fV6JEnSALR7CIDMvLQ+5//dVEP51wEvzMxt9SJrgCNn\nLX9LRJwCbALeDHwXeE1mtp4ZIEmS+qStSYCSJGll8F4AkiQVyAAgSVKB9voAEBEfjYifzPO1q752\nQS/afVJE/G1E3BYR90VEMyLeGREHdWn9B0fEn0TEZyJie/37vGqROvtGxDfrZX+nV20u8Df/Zg/b\nfEZEXBAR/xoRD0bErnbbaqfNqLw6Ij4dEbdGxA8j4v9GxDsi4oAe/p6/FRFXRcSd9c2zboqIiyLi\ncZ3+vi3r37+ekPu9iJiub+b1gm6se4E22/5f7kKbx0TE+RHxb/Vr952I+LuIWNfjdjdExBURsSMi\n7o2IKyPiqC6te8l/x4h4St2PnfWyl8Q892vpQr/eUffl+l6sv27j+AU+4zf2qM2nRsSlEfHt+jN+\nW0R8OSJ+uRfttbQ9EhGX1a/dffVnz5u63U7bkwD3QB8GPtdSFsCFVPcg6Pp11SLiZ4H/A/wA+BBw\nD9Wljf8EGAFO60IzjwHeCXyHaqLl85ZQ581UEzA7ndjRTpsPAK+h+lvP2NHDNk+mut/E9cC3gfUd\ntNVOm0PARVSnq/45cDcPvca/RHXqa7fbhOoGWzcBn6b6//pPwGuBUyLiqMyc73obS3Ux8FKqSbn/\nDrwa+OeIeF5mLnraUIc6+V9errcDzwY+TvU/swb4bWBrRDwzM9sOq4uJiBHgfwG3Ut0sbRXwBuCq\niNiYmVPLbGJJf8eIOKLuxw+A3wOGgbcCP1/34z+W2Y/Wtn4f+GG31rmIDwD/2lL27z1q63HAI6jO\ncLud6jPhZcBlEfHazPxILxqNiJOoTrPfSjXZ/ofAE4Gf7XpjmbnivoDnAD8B3t6j9f8B1QWRntJS\n/rG6fHUX2tgPeGz984b693nVAss/luoN/4562d/pVZvAR6ku5NSNv+VS2zwUOKD++UPArl62WS9z\n7Bx131m/xr/Uy9ezpe5Ivfzblvm33livZ3xW2QHAFPCVbrye3f7dl9HmscC+LWVPAu4HLulRm/9E\ndbG0R80qWwPcC3y8X39H4AKqjcYRs8pOqJf/rS7/zn9LtQP2JeD6Hr6ex9f9f2kv/2+W0I8Avg58\ns0frH6a6GPiy/1+W8rXXHwKYx+lU/ywTPVr/cP397pbyO+t2H1xuA5n548xsXf9C/gfQZBmXUG63\nzYjYJyKGF19y+W1m5rac/8qRXW+zXuaaOZ76FNWHQKPbbS7gO/X3R3VYf8bLgf8A/nJWv34E/BXw\nrHpvruuW+bt32uY12bKnm5n/DtxAm69dG54LfD4z/9+sNu8Evgz8ckQMLWflbfwdXwpcnpnfm1X3\nC8Ak8OvL6cNsEfGLdVv/tVvrXGK7j4iIVf1sc0ZWW+nbWP57cT6nU+3MvQMgIoYiIhau0rkVFwAi\nYl/g14B/ycxbe9TMVVQbgYsi4qiI+NmIeAXVrZE/mJn396jdOdXHwF5F9Ubs13mdQ1R7Njvq41Tn\nR0R/7pIxWDNzSr7fy0Yi4tERcWhEHEM14pLMugtnh44GJjOzdbh2y6znV7rD6N1rdwDVCEOraWB/\n4Od71O5PRcThVBuQ1mFyqF7np3epnX2orv76l5l5QzfWuUQfpfrceSAivhgRG3rdYL0RPiQinhAR\n41RXtu3VdWxOoPr9joyIb1GN5Nwb1fyntuceLWYlzAFo9SLgEHp4M6HMvDIi3kl1KODUmWLgPZn5\nR71qdwEfAiYyc0u3Jost4nbgfVTHqPah+pu/AfiF+ljyT/rQh0F5G9Vch8/0uJ3vUW1QoNpgvbne\ni1uOtcx9r8E7qALt4ctc/x4tIsaAI4A/7FETNwLHRkTkzHhxdQv1Z9bP92SEpcVMQJ3vdX50ROyX\nmT9eZjtnAz9HNR+mHx4EPgH8M9X74anA7wJXR8SzM/MbPWz7POB19c8/Af6eaj5JL6yjOtTzaaqR\nut+jmuvxZmA11QhB16zEAPBKqn+Wj/e4nVuohvY+QTUJ8BTgHRFxZ2Ze0OO2fyoizgSeRncmHi5J\nZr6jpejSiJgC/jvVMPOl/epLP0XEH1B94J2dmff2uLkXUd3QowGMAd0YXTkImOswygOznl+Rorps\n+fnAvwCX9KiZC+qviyLifVSTAP+Qah4A9OfvO9PGYq9zxwEgIh5NNRn23Zl5T6fraUdmfo3d7x9z\neUT8PdUEz3OoJgn3yiaq7cnhVIdQVvFQOO+2R1C9Pn+emeN12T/Ue/+vjYg/ysxvd6uxFXUIoB6C\nPhW4IjN/0MN2fgP4C6pLGl+Umf+QmWdRzbA+NyJ+pldtt/RjGHgv8L7MvL0fbS5gE9UoSE9PKRuU\n+hDPfwM+kpl/0ev2MvPLmXllZn6A6kPnXVHdR2M57mfuD64DZz2/4kTEYVQT9H4A/NrM3nm3ZeaF\nVO/HUaq5Bt+gOovjffUi/ZgpP/Ma9vJ1fg+wnSpQDUy9Ifw08PxeHifPzMnM/GJmbs7MU6nmgF3W\no+ZmXpu/bSn/G6pRumd1s7EVFQCo9oIPoofD/7Wzga358FMML6M6Nt6V42xL8Faq4aJLI+Jx9fD/\nzH0YfqYu268fHcnMB6g+FB7dj/b6KSJOpAp3/0j12vdVZt5ENfN4ucN/d/DQEPFsM2WDDpFdFxGP\nBK4AHgm8KJd/GuWCMvOdVPMMngv8QmY+k2qPEapJeL0285k03+t8z3KG/yPiScBZVMf/j6g/Yx5P\nFS72qx/3ZQeodhvV/Ip+zj/6BPCMHl1TYuY9eFdL+czkz67+bVdaADidKmX/Y4/bOYyH3tSzzWxs\n+3Vo5Uiqf4hvAjfXX1dT7Ym/g+p88l7NeN5NRDyC6jzlbYstuzeJiGcCn6SaQPWKAc5vOIjqGOBy\nXAesr1+r2Y6l+p+5bpnr36PUw6aXU53+d0pm3tiPdjNzR2Z+ddbkuBOB72bmt/rQ9u1U78Fj5nh6\nI8t/jY+g2hP9Mx76zLmJap7Dk+uf37nMNtrxROCBOSa29tLMYZblvh/ncm39vXW+yMz8nK5+vq6Y\nAFBf5eoE4JP13mgvTQJPr9PwbK+kmiTSsytitfgg1ajHS2Z9vZbqDfrR+vHN3WwwIg6YYwMCMDP5\nsdeT4/omIhpUG5CbgF/p1mmIC7S3KiIednpRfZbHf6a6+NRyfIIqnL521rr3p7oY0DWzTxvb29Wz\n1C+l2jC9PDO3LFKlV/14BdXGeFMfm/17qtMOf7oRiYgTqC6etdz5Of9G9ZnT+rlzA9Xpqi+hOq20\nq+a6imFUV1j8FeDKbrdXr//QOcr2Bc6gGqrv+sWkqF6foLrI2mxnUc3buKqbja2kSYC/QbVX3uvh\nf4D3U03S+kpEnE819P0rwAupTovpyjBjRLyR6nzTmTfyqRExM8T/Z5l5HS2JftZZADdkZtsjIYu1\nSTXE//WImABm9mheRHVqzD9nZtvHxpbwe+6MiJ8D/ktddkxdb2Yy4ncyc3M326TaI76yXuZ9VB+o\ns1fx7XkmwX/pAAAB+ElEQVSuE7CcNvcBbouIv6P6QL0P+AWqDfQPqCZZdqw+S+TjwDn1cfGZKwE+\nDjhzOetezFJe4y43+adU78nLgMdExG6HTzKz658TEXEcVRD+LNVnwrOor7RI9fp2o42l/B3fSzUZ\n96qI+CDVMevfpZqT8LHltJ+Z25nj+Hd9elx28pmzRH8XEfcDX6UaDn8a1Ubxh1RXIuyFC+tDSFdT\nnZWzhmqU+clUF1qb7naDmXldRFwEnFkfvv0y8HyqKxC+t+uHsPpxtaF+fFH9Y9xOfYvjPrR3DNXe\n4feoZtc2qS4/uk8X27iZ6qpzc3393Dx1Hlc/3/aVAJfSJtWw18VUpzztpDrH+Xqq0+NW9er35KEr\ngc21zBd78Hs+boHndwEX9aDN/ag2XF+n2uA/QDX6cOF8r3cHfdgfOLf+v50GrgFe0If3S9v/y8ts\n70sLvX49+h2fQDUCdlf9t72Bap7Ovl1sY0l/R6pDf5+p36Pb6/fsoT18fb8EfKOH638T1VkA26jO\ncPguVZh5Qg/b/HWqnYDb6za/Xz8+pVdt1u2uojqMclP9GXAj8Nu9aCvqBiVJUkFWzBwASZK0dAYA\nSZIKZACQJKlABgBJkgpkAJAkqUAGAEmSCmQAkCSpQAYASZIKZACQJKlABgBJkgpkAJAkqUAGAEmS\nCvT/AVu/XT7heQ5KAAAAAElFTkSuQmCC\n",
      "text/plain": [
       "<matplotlib.figure.Figure at 0x113f86358>"
      ]
     },
     "metadata": {},
     "output_type": "display_data"
    }
   ],
   "source": [
    "hierarchy.dendrogram(Z)\n",
    "plt.show()"
   ]
  },
  {
   "cell_type": "code",
   "execution_count": 19,
   "metadata": {
    "collapsed": false
   },
   "outputs": [
    {
     "data": {
      "text/plain": [
       "(1296, 16)"
      ]
     },
     "execution_count": 19,
     "metadata": {},
     "output_type": "execute_result"
    }
   ],
   "source": [
    "ranks.shape"
   ]
  },
  {
   "cell_type": "code",
   "execution_count": null,
   "metadata": {
    "collapsed": false
   },
   "outputs": [],
   "source": []
  },
  {
   "cell_type": "code",
   "execution_count": null,
   "metadata": {
    "collapsed": false
   },
   "outputs": [],
   "source": []
  },
  {
   "cell_type": "code",
   "execution_count": 127,
   "metadata": {
    "collapsed": false
   },
   "outputs": [],
   "source": []
  },
  {
   "cell_type": "code",
   "execution_count": null,
   "metadata": {
    "collapsed": true
   },
   "outputs": [],
   "source": []
  }
 ],
 "metadata": {
  "anaconda-cloud": {},
  "kernelspec": {
   "display_name": "Python 3",
   "language": "python",
   "name": "python3"
  },
  "language_info": {
   "codemirror_mode": {
    "name": "ipython",
    "version": 3
   },
   "file_extension": ".py",
   "mimetype": "text/x-python",
   "name": "python",
   "nbconvert_exporter": "python",
   "pygments_lexer": "ipython3",
   "version": "3.5.2"
  }
 },
 "nbformat": 4,
 "nbformat_minor": 1
}
